0000000000000	1011111110000	-1.03125
1011111010000	1011111110000	-1.2890625
1011111000110	1011111110000	-1.20703125
1011111000001	1011111110000	-1.16796875
1011110111100	1011111110000	-1.142578125
0011111001011	1011111110000	-0.81640625
1011111000100	1011111110000	-1.19140625
1011111001000	1011111110000	-1.22265625
0011110110001	1011111110000	-0.962890625
0011110111011	1011111110000	-0.923828125
0011111010001	1011111110000	-0.7578125
0011110101100	1011111110000	-0.9755859375
1011111000101	1011111110000	-1.19921875
1011111010010	1011111110000	-1.3203125
0011111000001	1011111110000	-0.89453125
0011111010011	1011111110000	-0.7265625
1011110111000	1011111110000	-1.126953125
1011111010110	1011111110000	-1.3828125
0011111001001	1011111110000	-0.83203125
1011111010011	1011111110000	-1.3359375
0011111000100	1011111110000	-0.87109375
0011110111000	1011111110000	-0.935546875
1011111010001	1011111110000	-1.3046875
0011110100010	1011111110000	-0.9951171875
0011111000101	1011111110000	-0.86328125
0011111001111	1011111110000	-0.78515625
0011110110100	1011111110000	-0.951171875
0011111000111	1011111110000	-0.84765625
1011111001011	1011111110000	-1.24609375
0011111010110	1011111110000	-0.6796875
1011110100001	1011111110000	-1.0654296875
0011111010100	1011111110000	-0.7109375
0011111011000	1011111110000	-0.6484375
1011110111111	1011111110000	-1.154296875
1011110001011	1011111110000	-1.04467773438
0011110101010	1011111110000	-0.9794921875
0011110110011	1011111110000	-0.955078125
0011110011101	1011111110000	-1.00244140625
1011110100000	1011111110000	-1.0634765625
1011110100010	1011111110000	-1.0673828125
0011110101101	1011111110000	-0.9736328125
0011110110110	1011111110000	-0.943359375
1011111001010	1011111110000	-1.23828125
1011111000111	1011111110000	-1.21484375
0011110100110	1011111110000	-0.9873046875
1011111001111	1011111110000	-1.27734375
0011111010111	1011111110000	-0.6640625
0011110011110	1011111110000	-1.00146484375
0011111001110	1011111110000	-0.79296875
1011111001101	1011111110000	-1.26171875
