0011110110000	0011111100010	0.642578125
1011110110000	1011110110110	-0.15234375
0011110110000	0011111100000	0.580078125
0011110110000	0011111100001	0.611328125
1011110110001	1011110110110	-0.15625
1011110110010	0011111100000	0.443359375
0011110110010	1011110110110	-0.015625
0011110110001	0011111100000	0.583984375
0011110110000	1011110110110	-0.0234375
0011110110011	0011111100000	0.591796875
0011110110100	1011110110110	-0.0078125
0011110110001	0011111100010	0.646484375
0011110110000	1011110110101	-0.01953125
0011110110001	0011111100001	0.615234375
0011110110011	0011111100010	0.654296875
0011110100010	1011110110110	-0.0517578125
1011110110001	1011110110101	-0.15234375
1011110110000	1011110110101	-0.1484375
0011110110101	0011111100000	0.599609375
0011110110001	1011110110110	-0.01953125
1011110110010	0011111100001	0.474609375
1011110110000	1011111000000	-0.193359375
0011110110011	0011111100001	0.623046875
1011110110000	1011111100011	-0.673828125
1011110110001	1011110110111	-0.16015625
1011111000001	0011111010101	0.19921875
1011111000000	1011110110110	-0.216796875
1011110110000	1011110110111	-0.15625
0011110110000	1011111000001	-0.072265625
0011110110000	1011111000000	-0.064453125
0011110110011	1011110110110	-0.01171875
1011110110000	1011111000001	-0.201171875
0011110111001	0011111100000	0.615234375
0011110110001	1011110110101	-0.015625
0011110110100	1011111000001	-0.056640625
1011110110100	1011111000000	-0.208984375
0011110100111	1011110110110	-0.0419921875
1011111000000	0011111010101	0.20703125
1011110110001	0011111010101	0.267578125
1011110110011	1011111000000	-0.205078125
0011111000000	1011110110110	0.041015625
1011110110011	1011110110110	-0.1640625
0011110111001	0011111100010	0.677734375
0011110110101	1011110110110	-0.00390625
1011110110011	1011111000001	-0.212890625
0011110110001	1011111000000	-0.060546875
1011110100001	1011110110110	-0.1220703125
0011110110010	1011110110101	-0.01171875
1011110110100	0011111100000	0.435546875
1011111000000	1011111000000	-0.2578125
