0000000000000	0011110111011	0.107421875
1011111000000	0011111100111	0.60546875
1011111000000	0011110111011	-0.021484375
1011110111011	0011110111011	0.0
0011110110110	0011111010101	0.423828125
0011111000011	0011111100111	0.88671875
0011110110111	0011111010101	0.427734375
0011110111000	1011110010011	0.07666015625
0011110110000	1011110010011	0.04541015625
0011111010001	1011111001110	0.03515625
1011110110100	0011111100111	0.654296875
1011111000000	0011111011011	0.30078125
0011110110111	0011111100111	0.826171875
0011110110000	0011111100111	0.798828125
0011111001001	0011110111011	0.306640625
0011110111010	0011111100111	0.837890625
0011111000100	0011111100111	0.89453125
0011110111001	0011111100111	0.833984375
0011110110000	0011110111011	0.171875
0011110110010	0011111100111	0.806640625
1011111001000	0011110111011	-0.083984375
0011110011111	0011110111011	0.13818359375
1011110110010	0011111100111	0.662109375
1011111000001	1011111001110	-0.375
0011111000010	0011111100111	0.87890625
1011110100011	0011111011011	0.3916015625
1011110110000	0011111010101	0.271484375
0011110110010	0011110111011	0.1796875
1011110100011	0011111100111	0.6962890625
0011110110000	1011111001110	-0.173828125
1011111000010	0011110111011	-0.037109375
1011110110000	1011110010011	-0.08349609375
1011110110000	0011110111011	0.04296875
1011111000001	0011111010101	0.19921875
0011111000100	0011110111011	0.267578125
1011110110111	1011111001110	-0.330078125
0011110110011	0011111010101	0.412109375
0011110110001	0011111100111	0.802734375
1011110101101	0011111011011	0.3720703125
1011110101111	1011110010011	-0.08056640625
1011110110110	0011111011011	0.341796875
0011110100101	0011111010101	0.3779296875
0011110110010	1011110010011	0.05322265625
1011111000110	1011111001110	-0.4140625
1011111001010	0011110111011	-0.099609375
1011111000000	0011111010101	0.20703125
1011111000100	0011110111011	-0.052734375
0011111010001	0011111011011	0.703125
0011110101000	0011111010101	0.3837890625
0011111000011	0011110111011	0.259765625
